9.39562416089323 2090.9016145814107
1.0040737171882532 2.859466436547675
1.638974668572978 1.359975085403787
1.664722347068103 0.9701804557633901
-----------------------
0.04806867668121241 2.3878152500340954
1.0040737171940806 0.954580324575392
1.6389746685730728 1.0508248995642848
1.6647223470681278 0.7809968728826461
-----------------------
0.00016126583530601496 2.7928811488775525
1.0040737171890768 1.0299669250040282
1.638974668573009 1.0229258349631287
1.6647223470681163 0.8040525936302799
-----------------------
1.741478276949632e-09 1157.3657630089897
1.145736191452777 2.8468156536891
1.723718215679727 1.944410576229176
1.744548026544302 0.9472819710598415
-----------------------
0.20019898470342037 468.74237710548067
1.0040737177708956 2.859333986228377
1.638974668582474 1.3599691571679176
1.6647223470705945 0.9701744044383664
-----------------------
